0
0
16
119
0
123
16
145
0
149
16
216
0
221
16
318
0
323
16
504
0
511
16
673
0
676
16
705
0
710
16
752
0
757
16
815
0
821
16
992
0
997
16
1019
0
1027
16
1067
0
1068
16
1747
0
1750
17
1758
0
1763
16
1895
0
1900
16
1930
0
1936
16
1989
2
1995
16
2004
0
2009
16
2034
1
2040
16
2048
0
2054
17
2125
0
2131
16
2189
2
2196
16
2215
0
2222
16
2325
0
2331
16
2351
0
2358
16
2388
0
2395
17
2405
0
2411
16
2475
0
2482
16
2490
0
2495
16
2571
0
2576
16
2811
0
2817
18
2825
0
2831
16
2843
0
2850
16
2898
1
2904
16
2913
0
2919
16
2929
0
2935
16
2962
0
2968
16
3407
0
3414
16
3547
0
3553
16
3604
0
3610
16
3631
0
3636
16
3645
0
3651
16
3716
0
3721
16
3990
0
3997
16
4006
0
4012
16
4117
0
4124
16
4345
0
4351
24
4598
8
4602
16
4701
0
4708
16
4799
0
4805
16
4814
1
4819
16
4826
0
4832
16
4946
0
4953
16
5012
0
5019
16
5037
0
5044
16
5057
0
5063
16
5084
0
5090
18
5096
0
5101
16
5383
0
5389
16
5409
0
5416
18
5421
0
5427
16
5543
0
5548
16
5688
0
5693
16
5759
0
5764
16
5841
0
5845
16
6237
0
6242
16
6283
0
6288
16
6757
0
6764
16
7000
0
7006
16
7055
0
7061
16
7321
0
7327
16
7346
0
7351
16
7368
0
7372
16
7391
0
7397
16
7408
1
7415
16
7441
2
7447
16
7454
0
7459
16
7479
0
7485
16
7503
0
7508
16
7613
0
7618
16
7778
0
7783
16
7895
0
7901
16
8025
0
8031
16
8198
0
8203
16
8428
0
8434
16
8482
0
8487
16
8552
0
8558
16
8594
2
8600
16
8612
2
8617
16
8628
0
8634
16
8735
0
8740
16
8769
0
8773
16
8846
0
8852
16
8913
0
8918
16
8932
0
8937
16
8950
0
8955
16
8963
0
8967
17
8973
0
8977
17
8983
0
8987
16
9057
0
9063
16
9071
0
9077
17
9085
0
9090
16
9098
0
9103
18
9166
0
9172
16
9289
0
9294
16
9503
0
9509
16
9578
2
9584
16
9607
0
9612
16
9660
0
9665
16
9695
1
9700
16
9708
0
9713
16
9897
0
9902
16
10133
0
10139
16
10241
0
10245
16
10352
0
10358
16
10368
0
10372
16
10389
0
10394
16
10452
0
10458
16
10511
0
10516
16
10638
0
10644
16
10673
0
10679
16
10737
0
10744
16
10756
0
10761
16
10769
0
10775
16
10782
0
10788
16
11038
0
11041
16
11063
0
11069
16
11108
0
11113
16
11138
0
11145
16
11175
0
11181
16
11229
1
11235
16
11241
1
11246
17
11252
0
11256
16
11268
0
11272
16
11291
0
11296
16
11327
0
11333
16
11394
0
11401
16
11441
0
11445
24
11461
0
11467
18
11501
0
11507
16
11536
0
11540
16
11719
0
11724
16
11828
0
11834
16
11880
0
11886
16
11900
0
11906
16
12146
0
12151
16
12166
0
12171
18
12177
0
12183
18
12188
0
12194
16
12201
2
12207
16
12251
2
12258
16
12265
0
12270
16
12319
0
12325
16
12444
2
12449
16
12492
0
12498
16
12509
0
12514
16
12642
0
12646
16
12660
0
12666
18
12805
0
12810
16
12884
0
12889
16
12896
0
12901
16
12935
0
12941
16
12960
0
12965
16
12978
0
12984
16
13080
2
13085
16
13091
0
13096
18
13102
0
13106
18
13115
0
13120
16
13256
0
13261
16
13282
0
13288
16
13345
0
13349
16
13400
2
13406
18
13411
0
13416
18
13422
0
13427
16
13523
0
13528
16
13596
0
13601
16
13668
0
13673
16
13797
0
13802
16
13971
0
13975
16
14016
0
14021
16
14049
0
14055
16
14172
0
14178
16
14332
0
14337
16
14366
1
14371
16
14378
0
14382
17
14388
0
14392
17
14399
0
14403
16
14409
1
14414
16
14424
0
14430
16
14482
1
14487
16
14493
0
14497
17
14503
0
14505
16
14667
0
14672
16
14777
0
14782
16
14842
0
14846
16
14981
0
14986
18
15093
0
15098
16
15154
0
15160
16
15169
0
15174
16
15230
0
15235
16
15269
0
15274
16
15285
0
15290
16
15390
0
15395
18
15406
0
15411
16
15555
0
15560
16
15584
1
15589
16
15605
0
15610
16
15634
0
15639
16
15686
0
15693
16
15786
0
15789
16
15820
2
15825
16
15832
0
15838
16
15850
0
15856
16
15885
0
15891
16
16016
0
16020
